# relative_time, cycles_done, cur_item, corpus_count, pending_total, pending_favs, map_size, saved_crashes, saved_hangs, max_depth, execs_per_sec, total_execs, edges_found
61, 8, 0, 1, 0, 0, 1.25%, 0, 0, 1, 485.14, 30262, 816
66, 9, 0, 1, 0, 0, 1.25%, 0, 0, 1, 489.26, 32720, 816
71, 10, 0, 1, 0, 0, 1.25%, 0, 0, 1, 488.92, 35223, 816
76, 10, 0, 1, 0, 0, 1.25%, 0, 0, 1, 483.85, 37717, 816
81, 11, 0, 1, 0, 0, 1.25%, 0, 0, 1, 479.75, 40211, 816
87, 12, 0, 1, 0, 0, 1.25%, 0, 0, 1, 483.56, 42710, 816
92, 13, 0, 1, 0, 0, 1.25%, 0, 0, 1, 488.70, 45231, 816
97, 13, 0, 1, 0, 0, 1.25%, 0, 0, 1, 487.59, 47725, 816
102, 14, 0, 1, 0, 0, 1.25%, 0, 0, 1, 492.86, 50282, 816
107, 15, 0, 1, 0, 0, 1.25%, 0, 0, 1, 497.29, 52776, 816
112, 15, 0, 1, 0, 0, 1.25%, 0, 0, 1, 483.15, 55243, 816
117, 16, 0, 1, 0, 0, 1.25%, 0, 0, 1, 495.90, 57773, 816
123, 17, 0, 1, 0, 0, 1.25%, 0, 0, 1, 489.90, 60281, 816
128, 18, 0, 1, 0, 0, 1.25%, 0, 0, 1, 497.96, 62766, 816
133, 18, 0, 1, 0, 0, 1.25%, 0, 0, 1, 494.22, 65323, 816
138, 19, 0, 1, 0, 0, 1.25%, 0, 0, 1, 463.23, 67637, 816
143, 20, 0, 1, 0, 0, 1.25%, 0, 0, 1, 487.37, 70167, 816
148, 20, 0, 1, 0, 0, 1.25%, 0, 0, 1, 482.47, 72643, 816
153, 21, 0, 1, 0, 0, 1.25%, 0, 0, 1, 485.03, 75056, 816
158, 22, 0, 1, 0, 0, 1.25%, 0, 0, 1, 493.33, 77559, 816
163, 22, 0, 1, 0, 0, 1.25%, 0, 0, 1, 491.21, 80080, 816
168, 23, 0, 1, 0, 0, 1.25%, 0, 0, 1, 489.87, 82515, 816
173, 24, 0, 1, 0, 0, 1.25%, 0, 0, 1, 489.07, 85019, 816
179, 25, 0, 1, 0, 0, 1.25%, 0, 0, 1, 433.96, 87272, 816
184, 25, 0, 1, 0, 0, 1.25%, 0, 0, 1, 412.12, 89383, 816
189, 26, 0, 1, 0, 0, 1.25%, 0, 0, 1, 410.67, 91493, 816
194, 26, 0, 1, 0, 0, 1.25%, 0, 0, 1, 406.09, 93587, 816
199, 27, 0, 1, 0, 0, 1.25%, 0, 0, 1, 410.74, 95697, 816
204, 28, 0, 1, 0, 0, 1.25%, 0, 0, 1, 408.50, 97807, 816
209, 28, 0, 1, 0, 0, 1.25%, 0, 0, 1, 469.74, 100186, 816
215, 29, 0, 1, 0, 0, 1.25%, 0, 0, 1, 476.72, 102698, 816
220, 30, 0, 1, 0, 0, 1.25%, 0, 0, 1, 485.84, 105138, 816
225, 30, 0, 1, 0, 0, 1.25%, 0, 0, 1, 482.27, 107623, 816
230, 31, 0, 1, 0, 0, 1.25%, 0, 0, 1, 483.55, 110054, 816
235, 32, 0, 1, 0, 0, 1.25%, 0, 0, 1, 480.00, 112539, 816
240, 32, 0, 1, 0, 0, 1.25%, 0, 0, 1, 483.32, 115033, 816
245, 33, 0, 1, 0, 0, 1.25%, 0, 0, 1, 478.24, 117419, 816
250, 34, 0, 1, 0, 0, 1.25%, 0, 0, 1, 473.01, 119787, 816
255, 34, 0, 1, 0, 0, 1.25%, 0, 0, 1, 474.40, 122155, 816
260, 35, 0, 1, 0, 0, 1.25%, 0, 0, 1, 483.14, 124649, 816
265, 36, 0, 1, 0, 0, 1.25%, 0, 0, 1, 502.59, 127256, 816
271, 37, 0, 1, 0, 0, 1.25%, 0, 0, 1, 503.77, 129816, 816
276, 37, 0, 1, 0, 0, 1.25%, 0, 0, 1, 497.64, 132379, 816
281, 38, 0, 1, 0, 0, 1.25%, 0, 0, 1, 509.83, 134966, 816
283, 38, 0, 1, 0, 0, 1.25%, 0, 0, 1, 504.70, 136041, 816
